50 60
1 10
1 10

2 1 8 7 10 XOR
2 1 6 7 11 AND
2 1 0 0 12 AND
1 1 2 13 INV
2 1 7 3 14 XOR
2 1 0 4 15 XOR
2 1 5 4 16 XOR
2 1 6 6 17 XOR
1 1 0 18 INV
2 1 3 2 19 XOR
2 1 16 11 20 XOR
2 1 2 2 21 XOR
2 1 13 0 22 XOR
1 1 17 23 INV
2 1 12 2 24 XOR
2 1 17 12 25 AND
1 1 0 26 INV
2 1 10 8 27 XOR
2 1 15 1 28 XOR
2 1 24 17 29 XOR
1 1 10 30 INV
2 1 13 11 31 AND
2 1 0 20 32 AND
1 1 20 33 INV
2 1 5 13 34 AND
2 1 4 9 35 XOR
2 1 23 15 36 XOR
1 1 5 37 INV
2 1 3 33 38 XOR
2 1 24 34 39 XOR
2 1 19 9 40 XOR
1 1 18 41 INV
2 1 24 23 42 XOR
2 1 8 34 43 XOR
2 1 21 33 44 AND
2 1 7 10 45 AND
2 1 37 24 46 XOR
2 1 27 3 47 XOR
1 1 8 48 INV
2 1 29 42 49 XOR
2 1 1 22 50 AND
2 1 28 45 51 AND
2 1 42 28 52 XOR
2 1 19 27 53 XOR
2 1 1 10 54 XOR
2 1 33 20 55 XOR
1 1 33 56 INV
2 1 32 35 57 XOR
2 1 8 21 58 XOR
2 1 32 6 59 XOR
